#Thu May 02 02:46:28 PDT 2019
#Total Values for this Simulation (last Iteration)
averageTripDistance=12.90856371891774
dispatcher=HighCapacityDispatcher
dispatchingPeriod=20
distanceHeuristic=
distanceRatio=0.8260830000290799
DriveTimeMax=5800.0
DriveTimeQuantile1=220.0
DriveTimeQuantile2=640.0
DriveTimeQuantile3=2700.0
MeanDriveTime=821.792505333457
MeanTTravelTime=1081.5717002133383
MeanWaitingTime=259.7791948798813
occupancyRatio=0.2532811111111111
populationSize=21562
rebalancePeriod=-1
requestSharedNumbers=5649 9769 4807 1337 
timeStamp=2019/05/02 - 02\:45\:41
totalRequests=21562
TotalRoboTaxiDistance=336932.791132981
totalRoboTaxiDistancePicku=32184.767495373453
totalRoboTaxiDistanceReb=26413.57273030298
totalRoboTaxiDistanceWtCst=278334.4509073043
totalVehicles=500
TTravelTimeMax=19004.0
TTravelTimeQuantile1=400.0
TTravelTimeQuantile2=879.0
TTravelTimeQuantile3=2987.0
vehicleGenerator=PopulationDensity
virtualNodes=10
WaitTimeMax=18004.0
WaitTimeQuantile1=75.0
WaitTimeQuantile2=188.0
WaitTimeQuantile3=704.0
